N=10 ind=4 
0.000000 0.000000 0.000000 0.400000 1.000000 
0.000000 -1.000000 0.000000 0.400000 1.000000 
1.000000 -1.000000 0.000000 0.400000 1.000000 
1.000000 -2.000000 0.000000 0.400000 1.000000 
2.000000 -2.000000 0.000000 0.400000 1.000000 
2.000000 -3.000000 0.000000 0.400000 1.000000 
3.000000 -3.000000 0.000000 0.400000 1.000000 
3.000000 -4.000000 0.000000 0.400000 1.000000 
4.000000 -4.000000 0.000000 0.400000 1.000000 
4.000000 -3.000000 0.000000 0.400000 1.000000 
4.707107 -2.292893 0.000000 0.400000 1.000000 
